start=49.816000
volume=110.000000
