start=2.853420
pause=yes
volume=45.000000
