start=49.036000
volume=100.000000
