start=3101.164733
pause=yes
volume=110.000000
