start=12.848000
volume=85.000000
