start=1535.177000
volume=135.000000
fullscreen=yes
