start=1217.590000
pause=yes
volume=80.000000
