start=1524.258000
volume=135.000000
fullscreen=yes
