start=1520.062000
volume=140.000000
fullscreen=yes
