start=192.492000
pause=yes
volume=130.000000
