start=598.305000
pause=yes
volume=85.000000
