start=1299.673000
volume=150.000000
fullscreen=yes
