start=31.440000
volume=125.000000
