start=14.303000
volume=80.000000
