start=8.336000
volume=60.000000
