start=31.131000
pause=yes
volume=105.000000
