start=11.867000
volume=55.000000
