start=1290.498000
volume=150.000000
fullscreen=yes
