start=598.333000
volume=100.000000
