start=1517.184000
volume=130.000000
fullscreen=yes
