start=1522.456000
volume=145.000000
fullscreen=yes
