start=754.545000
volume=135.000000
