start=1521.396000
volume=130.000000
fullscreen=yes
