start=401.599025
pause=yes
volume=80.000000
