start=12.136000
volume=75.000000
