start=12.173000
volume=105.000000
