start=21.545000
volume=100.000000
