start=1519.795000
volume=150.000000
fullscreen=yes
