start=111.670793
pause=yes
volume=100.000000
