start=1522.122000
volume=135.000000
fullscreen=yes
