start=15.607000
volume=130.000000
