start=1293.083000
volume=145.000000
fullscreen=yes
