start=1521.822000
volume=125.000000
fullscreen=yes
