start=9.847000
volume=80.000000
