start=3.791531
volume=0.000000
