start=227.233000
volume=75.000000
