start=277.117000
pause=yes
volume=75.000000
