start=13.300000
volume=80.000000
