start=1293.334000
volume=150.000000
fullscreen=yes
