start=3.802000
volume=80.000000
