start=1524.233000
volume=130.000000
fullscreen=yes
