start=1297.296000
volume=150.000000
fullscreen=yes
