start=2794.258133
pause=yes
volume=95.000000
