start=3171.334833
pause=yes
volume=125.000000
