start=1292.291000
volume=150.000000
fullscreen=yes
