start=28.603000
volume=70.000000
