start=1526.301000
volume=150.000000
fullscreen=yes
