start=45.982875
volume=95.000000
