start=11.414000
volume=60.000000
