start=1521.396000
volume=150.000000
fullscreen=yes
