start=11.140000
volume=80.000000
