start=156.490000
pause=yes
volume=100.000000
