start=4.670000
volume=95.000000
