start=1289.872000
volume=150.000000
fullscreen=yes
