start=3.573633
volume=60.000000
